SECRET_KEY1="[
  219, 200,  90, 121,  42, 188,   4,  55,  81,  41,  21,
  155, 254, 193, 107, 146,  68, 161, 119,  90, 145, 180,
  218, 247,  81, 213, 239, 136, 232,   9, 160, 241,  40,
   72,  79, 221, 146,  38, 108, 243, 163,  43,  65, 175,
    9, 105, 100, 224, 248,  61, 167, 253, 108, 236, 161,
  212, 184, 149, 219,  70, 163,  74, 141,  42
]"

SECRET_KEY2="[
    8,  91, 250, 214, 249,  64, 107,  48,  38, 171, 141,
  131,  22,  55, 203,   0,   5,  99, 194, 122, 166, 139,
  150,  12, 168, 104,  87, 106, 234, 219, 164,  59, 198,
  140, 156, 230, 187, 129, 240,  74,  94,  70, 159, 172,
  168, 105, 221, 114, 239, 144,  26, 136,  48, 237,  98,
   68, 252,  82,  12,  31, 103, 255,  26, 134
]"

SECRET_KEY3="[
  243, 222, 101, 139, 198, 203, 244, 244, 121,  40, 251,
  184, 236,  86,  93,  99,  67,  20,  74, 223, 201, 171,
  239,  92,  35, 181, 134,  97,  25, 180, 150,  73, 229,
   59, 240,  71, 205,  70,  92,  21,  70, 121, 114, 202,
   13,  62,  70,  57,  97,  62, 212, 210, 132,  64, 179,
   81,  70,   2,  27, 177, 116,  67,  52,  82
]"

SECRET_KEY4="[
  205, 109,  17, 222,  54, 135, 160, 149, 250,  14, 135,
  149,  41,  60,  13,  54,  41, 158, 207, 159,  41,  34,
   67,  23,   7,  48, 232, 202, 143, 154, 236, 172, 247,
  145, 235, 155, 100,  50,  95,  28,  16, 242, 254, 132,
  206,  98, 166,  25,  93, 151,  20, 133,  36,  85, 252,
    3, 197, 225, 209, 205,   4, 125,  88, 231
]"